7575 -12.05214 -12.78347 101
7575 -12.24707 -8.06078 102
7575 -12.70809 -3.59104 103
7575 -12.96323 -0.77169 104
7575 -13.18614 2.87284 105
7575 -17.43515 -12.78325 106
7575 -6.00237 -13.37227 107
7575 -15.31903 -6.44816 108
7575 -16.54267 -2.81527 109
7575 -16.6695 2.40484 110
7575 -8.09568 -9.43323 111
7575 -8.23972 -6.10449 112
7575 -8.47419 -3.2884 113
7575 -9.03703 -0.00206 114
7575 -9.55838 3.09275 115
7575 8.90185 16.60265 201
7575 4.72968 16.07592 202
7575 -0.89019 17.32055 203
7575 -4.14385 17.72469 204
7575 -7.45755 16.89604 205
7575 -10.49568 15.78849 206
7575 -9.13083 12.7736 207
7575 -3.1339 11.93563 208
7575 0.78074 12.22753 209
7575 6.72956 12.12004 210
7575 11.89657 12.07659 211
7575 15.35319 10.9873 212
7575 14.68444 15.51181 213
7575 13.38016 18.1834 214
7575 5.54416 17.39895 215
7575 15.55296 7.77257 216
7575 10.53222 8.01365 217
7575 5.16797 8.3803 218
7575 0.63793 8.39523 219
7575 -4.89121 8.5718 220
7575 -8.36337 8.23402 221
7575 -13.6088 15.9294 701
7575 -9.00994 14.69285 702
7575 -15.4718 11.20199 703
7575 -8.11133 8.379 704
7575 -16.75221 13.08384 7
7575 -13.65688 9.55949 8
7575 -5.56023 -11.19579 12
7575 -5.65552 16.86801 35
7575 10.74819 10.28597 38
7582 9.8068 -0.1444 201
7582 5.56925 -0.99264 202
7582 -0.23817 0.28406 203
7582 -3.57099 0.35798 204
7582 -6.95742 -0.2708 205
7582 -10.06863 -1.47275 206
7582 -8.55591 -4.74119 207
7582 -2.39405 -5.26811 208
7582 1.62089 -4.9243 209
7582 7.67709 -4.92477 210
7582 12.9285 -4.743 211
7582 16.45874 -5.9348 212
7582 15.70625 -1.14625 213
7582 14.3492 1.68766 214
7582 6.37823 0.33159 215
7582 16.70752 -9.13699 216
7582 11.61844 -9.14664 217
7582 6.15609 -8.96422 218
7582 1.53479 -8.94499 219
7582 -4.09046 -9.01388 220
7582 -7.64163 -9.28323 221
7582 -12.77045 10.59796 301
7582 -10.73593 16.79798 302
7582 -16.20461 15.66289 303
7582 -8.62867 9.29136 304
7582 -9.0443 2.60881 305
7582 -15.05662 6.68042 306
7582 -13.27307 -1.21988 307
7582 -9.05134 4.35914 308
7582 -9.48638 -3.65472 309
7582 -10.95913 -7.93355 310
7582 -8.99413 -11.83193 311
7582 -7.6519 -9.2841 312
7582 -4.3793 -8.45375 313
7582 -10.03299 -12.46782 314
7582 -12.08145 -16.99963 315
7582 -4.17237 -15.16457 316
7582 -13.2765 -1.2187 801
7582 -8.49763 -2.59224 802
7582 -15.0427 -6.29321 803
7582 -7.39895 -9.1232 804
7582 -16.4378 -4.32566 7
7582 -13.082715 -8.16468 8
7582 -12.98231 11.146255 16
7582 -5.107015 -0.2137 35
7582 11.776875 -6.764715 38
8086 -11.91498 -11.12208 301
8086 -14.87131 -17.31611 302
8086 -9.18179 -16.98267 303
8086 -15.85621 -9.09098 304
8086 -14.37121 -2.39823 305
8086 -8.95401 -7.49505 306
8086 -9.56799 0.68693 307
8086 -14.64869 -4.1542 308
8086 -13.03954 3.71114 309
8086 -10.86783 7.56347 310
8086 -12.0525 11.502 311
8086 -13.81245 9.34677 312
8086 -17.06156 9.05313 313
8086 -10.8795 11.895 314
8086 -8.3051 15.80671 315
8086 -16.05681 15.31941 316
8086 3.68677 7.94176 401
8086 4.76069 12.73847 402
8086 8.33564 11.07976 403
8086 7.17016 7.13765 404
8086 3.91401 0.93463 405
8086 3.03436 6.68223 406
8086 7.67261 3.96314 407
8086 7.92298 0.88594 408
8086 1.67557 -4.60066 409
8086 4.94687 -8.33386 410
8086 5.23943 -0.71527 411
8086 8.99369 -5.40314 412
8086 8.97363 -17.04401 413
8086 2.35458 -13.80773 414
8086 10.13066 -8.84588 415
8086 8.84792 -12.77819 416
8086 -8.75123 12.01981 417
8086 -8.25562 2.3246 418
8086 -0.61426 10.07555 419
8086 6.38496 6.01948 420
8086 8.63836 12.0068 421
8086 18.10148 10.68795 422
8086 16.80454 5.4347 423
8086 9.8424 0.33307 424
8086 1.62905 2.83992 425
8086 -3.79556 4.39807 426
8086 -10.65667 6.86595 427
8086 12.28408 6.18853 428
8086 -5.88363 8.26218 429
8086 -11.80393 8.53731 430
8086 -12.99533 4.35 431
8086 -9.5716 0.68527 801
8086 -14.1735 2.83414 802
8086 -7.14415 5.35672 803
8086 -14.0813 9.24004 804
8086 6.55459 4.98889 901
8086 3.99298 8.16331 902
8086 10.55166 9.43868 903
8086 4.22383 12.3507 904
8086 -6.092407 3.25534 7
8086 -8.94795 7.508977 8
8086 5.794197 2.45251 9
8086 9.9107 8.110267 10
8086 -11.801737 -11.713097 16
8086 -2.931973 -13.995337 18
8086 14.417493 -12.170397 32
8086 -17.845067 1.041147 35
8092 -10.19142 11.92305 101
8092 -10.58648 7.41307 102
8092 -10.61987 3.01851 103
8092 -10.73427 0.24936 104
8092 -10.84708 -3.48961 105
8092 -5.36684 11.47547 106
8092 -15.98456 13.10617 107
8092 -7.72932 5.51266 108
8092 -6.91487 1.85335 109
8092 -7.27346 -3.40655 110
8092 -14.6059 9.24061 111
8092 -14.97703 6.07605 112
8092 -14.8674 3.19637 113
8092 -14.68946 -0.12047 114
8092 -14.51391 -3.28771 115
8092 8.38791 3.24329 501
8092 7.49131 9.71631 502
8092 3.70968 -11.31705 503
8092 14.75236 -7.52508 504
8092 16.41916 -0.04417 505
8092 4.9622 -4.37996 506
8092 11.45369 11.96349 507
8092 9.35734 -17.35341 508
8092 11.10258 -4.12233 509
8092 16.25611 6.19111 510
8092 8.39031 14.61928 511
8092 13.26894 -14.25142 512
8092 11.97385 6.91157 513
8092 14.0342 -1.07631 514
8092 7.73843 -10.07935 515
8092 -11.2494 -5.38612 417
8092 -10.43257 -15.43077 418
8092 -2.83549 -7.16096 419
8092 4.40948 -11.07253 420
8092 6.58701 -4.87861 421
8092 16.22763 -5.77833 422
8092 14.98462 -11.27158 423
8092 8.02426 -16.76429 424
8092 -0.37046 -14.62063 425
8092 -5.94396 -13.29199 426
8092 -13.04973 -11.10275 427
8092 10.38833 -10.79534 428
8092 -8.19656 -9.49413 429
8092 -14.28768 -9.34059 430
8092 -15.37303 -13.67512 431
8092 -11.7285 -17.1559 801
8092 -16.5236 -15.2207 802
8092 -9.38878 -12.3278 803
8092 -16.6467 -8.50729 804
8092 4.60005 -12.1259 901
8092 1.91902 -8.95646 902
8092 8.58169 -7.40087 903
8092 2.06545 -4.60601 904
8092 -8.25807 -14.46243 7
8092 -11.327805 -10.32562 8
8092 3.84916 -15.43333 9
8092 7.96471 -8.839025 10
8092 -16.682345 11.143455 12
8092 7.1127 9.71614 14
8092 18.063395 4.994695 15
8686 -8.67703 5.89695 601
8686 9.65886 4.77054 602
8686 1.81101 17.68988 603
8686 -12.07014 8.09187 604
8686 -4.80074 14.84512 605
8686 3.48468 8.33942 606
8686 10.75014 13.63561 607
8686 -13.36321 14.28828 608
8686 -17.59148 6.04063 609
8686 -0.77597 5.49828 610
8686 -3.05756 9.63629 611
8686 6.01097 13.70407 612
8686 1.55131 10.83806 613
8686 15.30114 7.2463 614
8686 9.13755 7.87283 615
8686 7.95631 -4.48666 501
8686 9.60161 -11.04286 502
8686 10.79304 10.31187 503
8686 0.17286 5.48302 504
8686 -0.71366 -2.13502 505
8686 10.43264 3.47064 506
8686 5.74542 -13.97071 507
8686 4.48071 15.58202 508
8686 4.35797 2.58455 509
8686 0.16453 -8.5222 510
8686 9.34815 -16.31067 511
8686 1.22545 12.28955 512
8686 4.73174 -8.69537 513
8686 1.77052 -0.76641 514
8686 7.04373 8.75447 515
8686 9.82617 10.97439 901
8686 12.80622 8.21015 902
8686 6.50978 6.06493 903
8686 13.23899 4.0113 904
8686 10.862665 14.386995 9
8686 7.054765 7.634195 10
8686 9.99323 -11.00675 14
8686 -1.70389 -7.447115 15
8686 -5.35617 5.07278 31
8692 14.94472 -10.3148 401
8692 14.54102 -15.4941 402
8692 10.62193 -14.25014 403
8692 11.35711 -9.93293 404
8692 13.75726 -3.20443 405
8692 15.42175 -8.92135 406
8692 10.40579 -6.74375 407
8692 9.92044 -3.59946 408
8692 15.19086 2.50569 409
8692 11.52016 5.75154 410
8692 12.2265 -1.70339 411
8692 7.94022 2.46567 412
8692 6.52733 13.57388 413
8692 13.3163 11.21075 414
8692 6.4095 5.706 415
8692 7.1689 9.58471 416
8692 -7.37203 -12.94471 601
8692 11.38805 -14.23265 602
8692 3.55534 -0.52449 603
8692 -10.78556 -10.65914 604
8692 -3.24034 -3.79876 605
8692 5.13237 -10.57034 606
8692 12.70831 -5.56927 607
8692 -12.02633 -3.95433 608
8692 -16.45675 -12.77346 609
8692 0.72783 -13.48341 610
8692 -1.55225 -8.99075 611
8692 7.82579 -5.07419 612
8692 3.18515 -7.82989 613
8692 17.24384 -12.04684 614
8692 10.90458 -10.96276 615
8692 11.66198 -7.65586 901
8692 14.66876 -10.5838 902
8692 8.18725 -12.8274 903
8692 15.0371 -14.9949 904
8692 12.839523 -4.7135 9
8692 8.691523 -11.32187 10
8692 18.270283 11.881487 18
8692 -3.952823 -13.88455 31
8692 1.792457 8.41187 32